8
4
2 3
42 42
0 0 0 0 0 0 0 0 0 0 - 0 0 0 0 0 0 0 0 b b b b 0 0 0 0 0 0 0 0 - 0 0 0 0 0 0 0 0 0 0
0 0 0 0 0 0 0 0 0 0 - 0 0 0 0 0 0 0 0 0 0 0 0 0 0 0 0 0 0 0 0 - 0 0 0 0 0 0 0 0 0 0
0 0 0 0 0 0 0 0 0 0 - 0 0 0 0 0 0 0 0 0 0 0 0 0 0 0 0 0 0 0 0 - 0 0 0 0 0 0 0 0 0 0
0 0 0 0 0 0 0 0 0 0 - 0 0 0 0 0 0 0 0 0 0 0 0 0 0 0 0 0 0 0 0 - 0 0 0 0 0 0 0 0 0 0
0 0 0 0 4 5 0 0 0 0 - 0 0 0 0 0 0 0 0 0 0 0 0 0 0 0 0 0 0 0 0 - 0 0 0 0 1 8 0 0 0 0
0 0 0 0 5 4 0 0 0 0 - 0 0 0 0 0 0 0 0 0 0 0 0 0 0 0 0 0 0 0 0 - 0 0 0 0 8 1 0 0 0 0
0 0 0 0 0 0 0 0 0 0 - 0 0 0 0 0 0 0 0 0 0 0 0 0 0 0 0 0 0 0 0 - 0 0 0 0 0 0 0 0 0 0
0 0 0 0 0 0 0 0 0 0 - 0 0 0 0 0 0 0 0 0 0 0 0 0 0 0 0 0 0 0 0 - 0 0 0 0 0 0 0 0 0 0
0 0 0 0 0 0 0 0 0 0 - 0 0 0 0 0 0 0 0 2 4 3 1 0 0 0 0 0 0 0 0 - 0 0 0 0 0 0 0 0 0 0
0 0 0 0 0 0 0 0 0 c - 0 0 0 0 0 0 0 0 1 3 4 2 0 0 0 0 0 0 0 0 - c 0 0 0 0 0 0 0 0 0
- - - - - - - - - - - 0 0 0 0 0 0 0 0 3 1 2 4 0 0 0 0 0 0 0 0 - - - - - - - - - - -
0 0 0 0 0 0 0 0 0 0 0 i 0 0 0 0 0 0 0 4 2 1 3 0 0 0 0 0 0 0 i 0 0 0 0 0 0 0 0 0 0 0
0 0 0 0 0 0 0 0 0 0 0 0 0 0 0 0 0 0 0 0 0 0 0 0 0 0 0 0 0 0 0 0 0 0 0 0 0 0 0 0 0 0
0 0 0 0 0 0 0 0 0 0 0 0 0 0 0 0 0 0 0 0 0 0 0 0 0 0 0 0 0 0 0 0 0 0 0 0 0 0 0 0 0 0
0 0 0 0 0 0 0 0 0 0 0 0 0 0 0 0 0 0 0 0 0 0 0 0 0 0 0 0 0 0 0 0 0 0 0 0 0 0 0 0 0 0
0 0 0 0 0 0 0 0 0 0 0 0 0 0 0 b 0 0 0 0 0 0 0 0 0 0 b 0 0 0 0 0 0 0 0 0 0 0 0 0 0 0
0 0 0 0 0 0 0 0 0 0 0 0 0 0 0 0 0 0 0 0 0 0 0 0 0 0 0 0 0 0 0 0 0 0 0 0 0 0 0 0 0 0
0 0 0 0 0 0 0 0 0 0 0 0 0 0 0 0 0 0 0 0 0 0 0 0 0 0 0 0 0 0 0 0 0 0 0 0 0 0 0 0 0 0
0 0 0 0 0 0 0 0 0 0 0 0 0 0 0 0 0 0 0 0 0 0 0 0 0 0 0 0 0 0 0 0 0 0 0 0 0 0 0 0 0 0
b 0 0 0 0 0 0 0 6 8 7 5 0 0 0 0 0 0 0 0 0 0 0 0 0 0 0 0 0 0 0 0 0 6 8 7 5 0 0 0 0 b
b 0 0 0 0 0 0 0 5 7 8 6 0 0 0 0 0 0 0 0 - - 0 0 0 0 0 0 0 0 0 0 0 5 7 8 6 0 0 0 0 b
b 0 0 0 0 0 0 0 7 5 6 8 0 0 0 0 0 0 0 0 - - 0 0 0 0 0 0 0 0 0 0 0 7 5 6 8 0 0 0 0 b
b 0 0 0 0 0 0 0 8 6 5 7 0 0 0 0 0 0 0 0 0 0 0 0 0 0 0 0 0 0 0 0 0 8 6 5 7 0 0 0 0 b
0 0 0 0 0 0 0 0 0 0 0 0 0 0 0 0 0 0 0 0 0 0 0 0 0 0 0 0 0 0 0 0 0 0 0 0 0 0 0 0 0 0
0 0 0 0 0 0 0 0 0 0 0 0 0 0 0 0 0 0 0 0 0 0 0 0 0 0 0 0 0 0 0 0 0 0 0 0 0 0 0 0 0 0
0 0 0 0 0 0 0 0 0 0 0 0 0 0 0 0 0 0 0 0 0 0 0 0 0 0 0 0 0 0 0 0 0 0 0 0 0 0 0 0 0 0
0 0 0 0 0 0 0 0 0 0 0 0 0 0 0 b 0 0 0 0 0 0 0 0 0 0 b 0 0 0 0 0 0 0 0 0 0 0 0 0 0 0
0 0 0 0 0 0 0 0 0 0 0 0 0 0 0 0 0 0 0 0 0 0 0 0 0 0 0 0 0 0 0 0 0 0 0 0 0 0 0 0 0 0
0 0 0 0 0 0 0 0 0 0 0 0 0 0 0 0 0 0 0 0 0 0 0 0 0 0 0 0 0 0 0 0 0 0 0 0 0 0 0 0 0 0
0 0 0 0 0 0 0 0 0 0 0 0 0 0 0 0 0 0 0 0 0 0 0 0 0 0 0 0 0 0 0 0 0 0 0 0 0 0 0 0 0 0
0 0 0 0 0 0 0 0 0 0 0 i 0 0 0 0 0 0 0 2 4 3 1 0 0 0 0 0 0 0 i 0 0 0 0 0 0 0 0 0 0 0
- - - - - - - - - - - 0 0 0 0 0 0 0 0 1 3 4 2 0 0 0 0 0 0 0 0 - - - - - - - - - - -
0 0 0 0 0 0 0 0 0 c - 0 0 0 0 0 0 0 0 3 1 2 4 0 0 0 0 0 0 0 0 - c 0 0 0 0 0 0 0 0 0
0 0 0 0 0 0 0 0 0 0 - 0 0 0 0 0 0 0 0 4 2 1 3 0 0 0 0 0 0 0 0 - 0 0 0 0 0 0 0 0 0 0
0 0 0 0 0 0 0 0 0 0 - 0 0 0 0 0 0 0 0 0 0 0 0 0 0 0 0 0 0 0 0 - 0 0 0 0 0 0 0 0 0 0
0 0 0 0 0 0 0 0 0 0 - 0 0 0 0 0 0 0 0 0 0 0 0 0 0 0 0 0 0 0 0 - 0 0 0 0 0 0 0 0 0 0
0 0 0 0 2 7 0 0 0 0 - 0 0 0 0 0 0 0 0 0 0 0 0 0 0 0 0 0 0 0 0 - 0 0 0 0 3 6 0 0 0 0
0 0 0 0 7 2 0 0 0 0 - 0 0 0 0 0 0 0 0 0 0 0 0 0 0 0 0 0 0 0 0 - 0 0 0 0 6 3 0 0 0 0
0 0 0 0 0 0 0 0 0 0 - 0 0 0 0 0 0 0 0 0 0 0 0 0 0 0 0 0 0 0 0 - 0 0 0 0 0 0 0 0 0 0
0 0 0 0 0 0 0 0 0 0 - 0 0 0 0 0 0 0 0 0 0 0 0 0 0 0 0 0 0 0 0 - 0 0 0 0 0 0 0 0 0 0
0 0 0 0 0 0 0 0 0 0 - 0 0 0 0 0 0 0 0 0 0 0 0 0 0 0 0 0 0 0 0 - 0 0 0 0 0 0 0 0 0 0
0 0 0 0 0 0 0 0 0 0 - 0 0 0 0 0 0 0 0 b b b b 0 0 0 0 0 0 0 0 - 0 0 0 0 0 0 0 0 0 0
9 0 2 <-> 32 0 6
9 1 2 <-> 32 1 6
9 2 2 <-> 32 2 6
9 3 2 <-> 32 3 6
9 4 2 <-> 32 4 6
9 5 2 <-> 32 5 6
9 6 2 <-> 32 6 6
9 7 2 <-> 32 7 6
9 8 2 <-> 32 8 6
9 9 2 <-> 32 9 6
9 1 1 <-> 32 0 5
9 2 1 <-> 32 1 5
9 3 1 <-> 32 2 5
9 4 1 <-> 32 3 5
9 5 1 <-> 32 4 5
9 6 1 <-> 32 5 5
9 7 1 <-> 32 6 5
9 8 1 <-> 32 7 5
9 9 1 <-> 32 8 5
9 0 3 <-> 32 1 7
9 1 3 <-> 32 2 7
9 2 3 <-> 32 3 7
9 3 3 <-> 32 4 7
9 4 3 <-> 32 5 7
9 5 3 <-> 32 6 7
9 6 3 <-> 32 7 7
9 7 3 <-> 32 8 7
9 8 3 <-> 32 9 7
9 32 2 <-> 32 32 6
9 33 2 <-> 32 33 6
9 34 2 <-> 32 34 6
9 35 2 <-> 32 35 6
9 36 2 <-> 32 36 6
9 37 2 <-> 32 37 6
9 38 2 <-> 32 38 6
9 39 2 <-> 32 39 6
9 40 2 <-> 32 40 6
9 41 2 <-> 32 41 6
9 33 1 <-> 32 32 5
9 34 1 <-> 32 33 5
9 35 1 <-> 32 34 5
9 36 1 <-> 32 35 5
9 37 1 <-> 32 36 5
9 38 1 <-> 32 37 5
9 39 1 <-> 32 38 5
9 40 1 <-> 32 39 5
9 41 1 <-> 32 40 5
9 32 3 <-> 32 33 7
9 33 3 <-> 32 34 7
9 34 3 <-> 32 35 7
9 35 3 <-> 32 36 7
9 36 3 <-> 32 37 7
9 37 3 <-> 32 38 7
9 38 3 <-> 32 39 7
9 39 3 <-> 32 40 7
9 40 3 <-> 32 41 7
0 9 4 <-> 0 32 0
1 9 4 <-> 1 32 0
2 9 4 <-> 2 32 0
3 9 4 <-> 3 32 0
4 9 4 <-> 4 32 0
5 9 4 <-> 5 32 0
6 9 4 <-> 6 32 0
7 9 4 <-> 7 32 0
8 9 4 <-> 8 32 0
9 9 4 <-> 9 32 0
1 9 5 <-> 0 32 1
2 9 5 <-> 1 32 1
3 9 5 <-> 2 32 1
4 9 5 <-> 3 32 1
5 9 5 <-> 4 32 1
6 9 5 <-> 5 32 1
7 9 5 <-> 6 32 1
8 9 5 <-> 7 32 1
9 9 5 <-> 8 32 1
0 9 3 <-> 1 32 7
1 9 3 <-> 2 32 7
2 9 3 <-> 3 32 7
3 9 3 <-> 4 32 7
4 9 3 <-> 5 32 7
5 9 3 <-> 6 32 7
6 9 3 <-> 7 32 7
7 9 3 <-> 8 32 7
8 9 3 <-> 9 32 7
32 9 4 <-> 32 32 0
33 9 4 <-> 33 32 0
34 9 4 <-> 34 32 0
35 9 4 <-> 35 32 0
36 9 4 <-> 36 32 0
37 9 4 <-> 37 32 0
38 9 4 <-> 38 32 0
39 9 4 <-> 39 32 0
40 9 4 <-> 40 32 0
41 9 4 <-> 41 32 0
33 9 5 <-> 32 32 1
34 9 5 <-> 33 32 1
35 9 5 <-> 34 32 1
36 9 5 <-> 35 32 1
37 9 5 <-> 36 32 1
38 9 5 <-> 37 32 1
39 9 5 <-> 38 32 1
40 9 5 <-> 39 32 1
41 9 5 <-> 40 32 1
32 9 3 <-> 33 32 7
33 9 3 <-> 34 32 7
34 9 3 <-> 35 32 7
35 9 3 <-> 36 32 7
36 9 3 <-> 37 32 7
37 9 3 <-> 38 32 7
38 9 3 <-> 39 32 7
39 9 3 <-> 40 32 7
40 9 3 <-> 41 32 7
9 32 1 <-> 32 9 5
9 9 3 <-> 32 32 7
0 0 0 <-> 20 19 4
0 0 6 <-> 19 20 2
0 0 7 <-> 19 19 3
41 0 1 <-> 22 19 5
41 0 0 <-> 21 19 4
41 0 2 <-> 22 20 6
41 41 3 <-> 22 22 7
41 41 2 <-> 22 21 6
41 41 4 <-> 21 22 0
0 41 5 <-> 19 22 1
0 41 4 <-> 20 22 0 
0 41 6 <-> 19 21 2
