8
8
2 1
27 27
0 0 0 0 0 0 0 0 0 0 0 0 0 0 0 0 0 0 0 0 0 0 0 0 0 0 0
0 - 0 0 - 0 0 - 0 0 - 0 0 - 0 0 - 0 0 - 0 0 - 0 0 - 0
0 0 0 0 0 0 0 0 0 0 0 0 0 0 0 0 0 0 0 0 0 0 0 0 0 0 0
0 0 0 x x x 0 0 0 0 0 0 x 1 x 0 0 0 0 0 0 x x x 0 0 0
0 - 0 x c x 0 - 0 0 - 0 1 0 8 0 - 0 0 - 0 x c x 0 - 0
0 0 0 x x x 0 0 0 0 0 0 x 8 x 0 0 0 0 0 0 x x x 0 0 0
0 0 0 0 0 0 0 0 0 0 0 0 0 0 0 0 0 0 0 0 0 0 0 0 0 0 0
0 - 0 0 - 0 0 - 0 0 - 0 0 - 0 0 - 0 0 - 0 0 - 0 0 - 0
0 0 0 0 0 0 0 0 0 0 0 0 0 0 0 0 0 0 0 0 0 0 0 0 0 0 0
0 0 0 0 0 0 0 0 0 - - - - - - - - - 0 0 0 0 0 0 0 0 0
0 - 0 0 - 0 0 - 0 - b - - c - - b - 0 - 0 0 - 0 0 - 0
0 0 0 0 0 0 0 0 0 - - - - - - - - - 0 0 0 0 0 0 0 0 0
0 0 0 x 2 x 0 0 0 - - - b b b - - - 0 0 0 x 4 x 0 0 0
0 - 0 2 0 7 0 - 0 - c - b x b - c - 0 - 0 4 0 5 0 - 0
0 0 0 x 7 x 0 0 0 - - - b b b - - - 0 0 0 x 5 x 0 0 0
0 0 0 0 0 0 0 0 0 - - - - - - - - - 0 0 0 0 0 0 0 0 0
0 - 0 0 - 0 0 - 0 - b - - c - - b - 0 - 0 0 - 0 0 - 0
0 0 0 0 0 0 0 0 0 - - - - - - - - - 0 0 0 0 0 0 0 0 0
0 0 0 0 0 0 0 0 0 0 0 0 0 0 0 0 0 0 0 0 0 0 0 0 0 0 0
0 - 0 0 - 0 0 - 0 0 - 0 0 - 0 0 - 0 0 - 0 0 - 0 0 - 0
0 0 0 0 0 0 0 0 0 0 0 0 0 0 0 0 0 0 0 0 0 0 0 0 0 0 0
0 0 0 x x x 0 0 0 0 0 0 x 3 x 0 0 0 0 0 0 x x x 0 0 0
0 - 0 x c x 0 - 0 0 - 0 3 0 6 0 - 0 0 - 0 x c x 0 - 0
0 0 0 x x x 0 0 0 0 0 0 x 6 x 0 0 0 0 0 0 x x x 0 0 0
0 0 0 0 0 0 0 0 0 0 0 0 0 0 0 0 0 0 0 0 0 0 0 0 0 0 0
0 - 0 0 - 0 0 - 0 0 - 0 0 - 0 0 - 0 0 - 0 0 - 0 0 - 0
0 0 0 0 0 0 0 0 0 0 0 0 0 0 0 0 0 0 0 0 0 0 0 0 0 0 0
1 1 7 <-> 10 10 7
4 1 0 <-> 10 10 0
7 1 1 <-> 10 10 1
7 4 2 <-> 10 10 2
7 7 3 <-> 10 10 3
4 7 4 <-> 10 10 4
1 7 5 <-> 10 10 5
1 4 6 <-> 10 10 6
10 1 7 <-> 13 10 7
13 1 0 <-> 13 10 0
16 1 1 <-> 13 10 1
16 4 2 <-> 13 10 2
16 7 3 <-> 13 10 3
13 7 4 <-> 13 10 4
10 7 5 <-> 13 10 5
10 4 6 <-> 13 10 6
19 1 7 <-> 16 10 7
22 1 0 <-> 16 10 0
25 1 1 <-> 16 10 1
25 4 2 <-> 16 10 2
25 7 3 <-> 16 10 3
22 7 4 <-> 16 10 4
19 7 5 <-> 16 10 5
19 4 6 <-> 16 10 6
19 10 7 <-> 16 13 7
22 10 0 <-> 16 13 0
25 10 1 <-> 16 13 1
25 13 2 <-> 16 13 2
25 16 3 <-> 16 13 3
22 16 4 <-> 16 13 4
19 16 5 <-> 16 13 5
19 13 6 <-> 16 13 6
19 19 7 <-> 16 16 7
22 19 0 <-> 16 16 0
25 19 1 <-> 16 16 1
25 22 2 <-> 16 16 2
25 25 3 <-> 16 16 3
22 25 4 <-> 16 16 4
19 25 5 <-> 16 16 5
19 22 6 <-> 16 16 6
10 19 7 <-> 13 16 7
13 19 0 <-> 13 16 0
16 19 1 <-> 13 16 1
16 22 2 <-> 13 16 2
16 25 3 <-> 13 16 3
13 25 4 <-> 13 16 4
10 25 5 <-> 13 16 5
10 22 6 <-> 13 16 6
1 19 7 <-> 10 16 7
4 19 0 <-> 10 16 0
7 19 1 <-> 10 16 1
7 22 2 <-> 10 16 2
7 25 3 <-> 10 16 3
4 25 4 <-> 10 16 4
1 25 5 <-> 10 16 5
1 22 6 <-> 10 16 6
1 10 7 <-> 10 13 7
4 10 0 <-> 10 13 0
7 10 1 <-> 10 13 1
7 13 2 <-> 10 13 2
7 16 3 <-> 10 13 3
4 16 4 <-> 10 13 4
1 16 5 <-> 10 13 5
1 13 6 <-> 10 13 6
1 1 3 <-> 12 12 7
4 1 4 <-> 12 12 0
7 1 5 <-> 12 12 1
10 1 3 <-> 13 12 7
13 1 4 <-> 13 12 0
16 1 5 <-> 13 12 1
19 1 3 <-> 14 12 7
22 1 4 <-> 14 12 0
25 1 5 <-> 14 12 1
25 4 6 <-> 14 12 2
25 7 7 <-> 14 12 3
25 10 5 <-> 14 13 1
25 13 6 <-> 14 13 2
25 16 7 <-> 14 13 3
25 19 5 <-> 14 14 1
25 22 6 <-> 14 14 2
25 25 7 <-> 14 14 3
22 25 0 <-> 14 14 4
19 25 1 <-> 14 14 5
16 25 7 <-> 13 14 3
13 25 0 <-> 13 14 4
10 25 1 <-> 13 14 5
7 25 7 <-> 12 14 3
4 25 0 <-> 12 14 4
1 25 1 <-> 12 14 5
1 22 2 <-> 12 14 6
1 19 3 <-> 12 14 7
1 16 1 <-> 12 13 5
1 13 2 <-> 12 13 6
1 10 3 <-> 12 13 7
1 7 1 <-> 12 12 5
1 4 2 <-> 12 12 6






