8
3
2 1
27 27
0 0 0 0 0 0 0 0 0 0 0 0 0 0 0 0 0 0 0 0 0 0 0 0 0 0 0
0 - 0 0 - 0 0 - 0 0 - 0 0 - 0 0 - 0 0 - 0 0 - 0 0 - 0
0 0 0 0 0 0 0 0 0 0 0 0 0 0 0 0 0 0 0 0 0 0 0 0 0 0 0
0 0 0 x x x 0 0 0 0 0 0 x 1 x 0 0 0 0 0 0 x x x 0 0 0
0 - 0 x c x 0 - 0 0 - 0 1 0 8 0 - 0 0 - 0 x c x 0 - 0
0 0 0 x x x 0 0 0 0 0 0 x 8 x 0 0 0 0 0 0 x x x 0 0 0
0 0 0 0 0 0 0 0 0 0 0 0 0 0 0 0 0 0 0 0 0 0 0 0 0 0 0
0 - 0 0 - 0 0 - 0 0 - 0 0 - 0 0 - 0 0 - 0 0 - 0 0 - 0
0 0 0 0 0 0 0 0 0 0 0 0 0 0 0 0 0 0 0 0 0 0 0 0 0 0 0
0 0 0 0 0 0 0 0 0 - - - - - - - - - 0 0 0 0 0 0 0 0 0
0 - 0 0 - 0 0 - 0 - b - - c - - b - 0 - 0 0 - 0 0 - 0
0 0 0 0 0 0 0 0 0 - - - - - - - - - 0 0 0 0 0 0 0 0 0
0 0 0 x 2 x 0 0 0 - - - b b b - - - 0 0 0 x 4 x 0 0 0
0 - 0 2 0 7 0 - 0 - c - b x b - c - 0 - 0 4 0 5 0 - 0
0 0 0 x 7 x 0 0 0 - - - b b b - - - 0 0 0 x 5 x 0 0 0
0 0 0 0 0 0 0 0 0 - - - - - - - - - 0 0 0 0 0 0 0 0 0
0 - 0 0 - 0 0 - 0 - b - - c - - b - 0 - 0 0 - 0 0 - 0
0 0 0 0 0 0 0 0 0 - - - - - - - - - 0 0 0 0 0 0 0 0 0
0 0 0 0 0 0 0 0 0 0 0 0 0 0 0 0 0 0 0 0 0 0 0 0 0 0 0
0 - 0 0 - 0 0 - 0 0 - 0 0 - 0 0 - 0 0 - 0 0 - 0 0 - 0
0 0 0 0 0 0 0 0 0 0 0 0 0 0 0 0 0 0 0 0 0 0 0 0 0 0 0
0 0 0 x x x 0 0 0 0 0 0 x 3 x 0 0 0 0 0 0 x x x 0 0 0
0 - 0 x c x 0 - 0 0 - 0 3 0 6 0 - 0 0 - 0 x c x 0 - 0
0 0 0 x x x 0 0 0 0 0 0 x 6 x 0 0 0 0 0 0 x x x 0 0 0
0 0 0 0 0 0 0 0 0 0 0 0 0 0 0 0 0 0 0 0 0 0 0 0 0 0 0
0 - 0 0 - 0 0 - 0 0 - 0 0 - 0 0 - 0 0 - 0 0 - 0 0 - 0
0 0 0 0 0 0 0 0 0 0 0 0 0 0 0 0 0 0 0 0 0 0 0 0 0 0 0
2 2 7 <-> 10 10 7
4 2 0 <-> 10 10 0
6 2 1 <-> 10 10 1
6 4 2 <-> 10 10 2
6 6 3 <-> 10 10 3
4 6 4 <-> 10 10 4
2 6 5 <-> 10 10 5
2 4 6 <-> 10 10 6
11 2 7 <-> 13 10 7
13 2 0 <-> 13 10 0
15 2 1 <-> 13 10 1
15 4 2 <-> 13 10 2
15 6 3 <-> 13 10 3
13 6 4 <-> 13 10 4
11 6 5 <-> 13 10 5
11 4 6 <-> 13 10 6
20 2 7 <-> 16 10 7
22 2 0 <-> 16 10 0
24 2 1 <-> 16 10 1
24 4 2 <-> 16 10 2
24 6 3 <-> 16 10 3
22 6 4 <-> 16 10 4
20 6 5 <-> 16 10 5
20 4 6 <-> 16 10 6
20 11 7 <-> 16 13 7
22 11 0 <-> 16 13 0
24 11 1 <-> 16 13 1
24 13 2 <-> 16 13 2
24 15 3 <-> 16 13 3
22 15 4 <-> 16 13 4
20 15 5 <-> 16 13 5
20 13 6 <-> 16 13 6
20 20 7 <-> 16 16 7
22 20 0 <-> 16 16 0
24 20 1 <-> 16 16 1
24 22 2 <-> 16 16 2
24 24 3 <-> 16 16 3
22 24 4 <-> 16 16 4
20 24 5 <-> 16 16 5
20 22 6 <-> 16 16 6
11 20 7 <-> 13 16 7
13 20 0 <-> 13 16 0
15 20 1 <-> 13 16 1
15 22 2 <-> 13 16 2
15 24 3 <-> 13 16 3
13 24 4 <-> 13 16 4
11 24 5 <-> 13 16 5
11 22 6 <-> 13 16 6
2 20 7 <-> 10 16 7
4 20 0 <-> 10 16 0
6 20 1 <-> 10 16 1
6 22 2 <-> 10 16 2
6 24 3 <-> 10 16 3
4 24 4 <-> 10 16 4
2 24 5 <-> 10 16 5
2 22 6 <-> 10 16 6
2 11 7 <-> 10 13 7
4 11 0 <-> 10 13 0
6 11 1 <-> 10 13 1
6 13 2 <-> 10 13 2
6 15 3 <-> 10 13 3
4 15 4 <-> 10 13 4
2 15 5 <-> 10 13 5
2 13 6 <-> 10 13 6
0 0 3 <-> 12 12 7
4 0 4 <-> 12 12 0
8 0 5 <-> 12 12 1
9 0 3 <-> 13 12 7
13 0 4 <-> 13 12 0
17 0 5 <-> 13 12 1
18 0 3 <-> 14 12 7
22 0 4 <-> 14 12 0
26 0 5 <-> 14 12 1
26 4 6 <-> 14 12 2
26 8 7 <-> 14 12 3
26 9 5 <-> 14 13 1
26 13 6 <-> 14 13 2
26 17 7 <-> 14 13 3
26 18 5 <-> 14 14 1
26 22 6 <-> 14 14 2
26 26 7 <-> 14 14 3
22 26 0 <-> 14 14 4
18 26 1 <-> 14 14 5
17 26 7 <-> 13 14 3
13 26 0 <-> 13 14 4
9 26 1 <-> 13 14 5
8 26 7 <-> 12 14 3
4 26 0 <-> 12 14 4
0 26 1 <-> 12 14 5
0 22 2 <-> 12 14 6
0 18 3 <-> 12 14 7
0 17 1 <-> 12 13 5
0 13 2 <-> 12 13 6
0 9 3 <-> 12 13 7
0 8 1 <-> 12 12 5
0 4 2 <-> 12 12 6
